#proton source 
s:So/proton/Type="Beam"
s:So/proton/Parent="World"
s:So/proton/BeamParticle="proton"
s:So/proton/Component="BeamPosition"
s:So/proton/BeamEnergySpectrumType = "Continuous"
dv:So/proton/BeamEnergySpectrumValues = 69 0.505988023952095 0.517026166644812 0.52605737430249 0.533081646925127 0.537095516995206 0.547631925929163 0.552482018930508 0.552004177255499 0.554154464793041 0.573220347625916 0.586265425353672 0.596300100528869 0.614439705653264 0.62740759357198 0.634431866194618 0.643463073852295 0.652494281509972 0.65951855413261 0.665539359237729 0.671560164342847 0.677580969447965 0.684605242070603 0.699657254833399 0.721733540218832 0.743809825604266 0.765886110989699 0.781941591270014 0.791976266445211 0.803014409137928 0.814052551830645 0.823083759488322 0.83010803211096 0.836128837216078 0.843153109838716 0.851180849978874 0.862218992671591 0.873257135364307 0.888309148127103 0.910385433512537 0.93246171889797 0.953534536765884 0.971596952081239 0.990662834914113 1.01273912029954 1.02779113306234 1.0358188732025 1.04485008086017 1.06090556114049 1.08298184652592 1.1020477293588 1.12111361219167 1.13817255998951 1.15121763771726 1.1682765855151 1.18934940338301 1.21142568876844 1.23350197415388 1.25557825953931 1.27765454492474 1.29973083031018 1.32180711569561 1.34388340108104 1.36595968646648 1.38803597185191 1.41011225723735 1.43218854262278 1.45426482800821 1.47634111339365 1.49139312615644 MeV
uv:So/proton/BeamEnergySpectrumWeights = 69 0.0715083532941743 0.0613755376204376 0.0542938023060034 0.0473453995976471 0.0407335025143288 0.0343759424824268 0.0312936207649389 0.0259179525569268 0.0234494088352227 0.0371788153518923 0.0427372926644144 0.0484012534842596 0.0524553900659541 0.0415412680080682 0.0352900607985436 0.0315345828639936 0.0273389963022648 0.0241088485531981 0.0213104725171721 0.01890740010494 0.0166504624712357 0.0146284421557944 0.0128444195392998 0.0134819962291808 0.0141152289278926 0.013909098881338 0.0122958773376106 0.0107828645611984 0.00949299230753457 0.00828283497889997 0.00724142879559007 0.00629702185218321 0.00545293255818231 0.00477510081953173 0.00412713475037913 0.00367997134797167 0.00320148583149824 0.00285796528181404 0.00314214163720525 0.00316804084187671 0.00295761423985382 0.00258238044740744 0.00230041013976073 0.00217852644306098 0.00188215843308235 0.00166829028747323 0.00144511403548965 0.00129387587820442 0.00121723545740637 0.00125988335270804 0.0014352473482112 0.00157557652120435 0.00181029017454379 0.0020242351624479 0.00226674053175487 0.00244062732218966 0.00255005999653627 0.0026562694980711
0.00271663139676237 0.00266743221871603 0.00262981779492867 0.00240202823464623 0.00220517237974584 0.00205248195613984 0.00189582466641221 0.00176635247311656 0.00163153423984813 0.00150777387110779 0.00145507370614568
s:So/proton/BeamPositionDistribution="Gaussian"
s:So/proton/BeamPositionCutoffShape ="Ellipse"
d:So/proton/BeamPositionCutoffX =0.1 mm
d:So/proton/BeamPositionCutoffY =0.1 mm
d:So/proton/BeamPositionSpreadX=0.03 mm
d:So/proton/BeamPositionSpreadY=0.03 mm
s:So/proton/BeamAngularDistribution="None"
dc:Ge/proton/TransX = 0. cm
dc:Ge/proton/TransY = 0. cm
dc:Ge/proton/TransZ = 0. cm
